# Counts
1566
290
717
10001
228
484
10001
162
819
10001
150
590
674
1000
1913
10001
957
316
127
162
109
2259
724
131
70
194
188
81
190
36
712
1450
266
842
259
10001
664
364
10001
148
257
717
1774
244
1155
10001
393
172
10001
1322
335
93
222
627
884
434
566
508
10001
10001
556
912
2652
10001
824
382
10001
820
232
1272
732
912
206
281
212
994
822
543
292
734
186
128
157
10001
80
402
1682
771
22
10001
70
561
315
222
1442
10001
90
132
588
974
610
93
684
10001
10001
1063
89
646
485
1593
90
478
614
2582
127
96
430
119
363
10001
470
211
411
600
600
1563
187
574
176
195
278
659
251
1019
422
1368
10001
831
2100
594
173
10001
10001
667
671
304
10001
259
102
1200
1224
1934
410
128
807
569
247
1542
153
258
583
187
218
10001
696
485
57
273
170
10001
30
543
60
2133
10001
1196
10001
323
1178
548
540
109
638
506
547
1191
833
923
1160
200
403
1102
410
360
668
462
938
278
1058
191
922
178
1698
327
1823
10001
328
1254
522
288
122
279
1036
87
76
706
457
106
221
368
134
252
300
65
508
942
10001
42
1330
96
257
1151
104
653
400
955
557
508
674
56
308
415
2058
117
206
10001
421
486
923
10001
113
416
232
368
380
304
74
100
3023
1108
1111
277
65
890
635
296
76
417
378
277
153
437
202
10001
1180
10001
412
471
297
100
162
263
75
1110
1497
1083
10001
459
675
483
275
100
680
10001
396
162
398
132
755
81
1122
1558
1026
240
10001
10001
308
2338
164
110
1624
421
42
404
898
526
87
826
66
2205
373
39
687
184
2299
336
1259
903
1019
766
10001
1190
662
478
207
1355
568
158
337
10001
154
835
208
10001
386
946
10001
97
10001
212
551
1641
342
210
482
367
764
307
10001
949
2228
222
188
780
174
120
352
62
186
330
809
287
10001
310
91
1024
242
272
76
922
1063
456
496
200
40
10001
276
10001
421
688
640
10001
220
254
54
143
154
215
1225
120
146
277
559
254
33
265
10001
20
2057
1026
100
2100
147
2937
412
1216
134
1015
528
579
136
350
295
1244
232
816
172
516
270
94
630
552
482
928
214
252
601
10001
747
964
502
10001
180
36
91
116
1475
741
320
1036
576
1148
1321
1224
205
114
75
54
238
80
1927
741
1778
1924
136
83
436
60
313
223
202
196
1045
458
178
2574
138
173
63
452
822
480
10001
228
10001
633
163
121
620
10001
494
148
242
377
118
1480
716
2564
488
270
121
976
62
10001
179
43
10001
441
348
380
685
1268
254
117
118
499
10001
1191
335
428
1240
114
52
144
200
10001
399
101
459
619
430
10001
190
460
595
1344
1288
713
484
138
458
702
224
66
435
557
178
534
10001
76
118
760
558
941
473
260
697
418
1277
2729
1854
1053
347
56
220
292
96
988
74
86
38
2902
318
148
136
704
756
1273
446
534
10001
150
760
388
977
881
492
438
267
330
385
698
518
145
370
134
398
36
130
383
407
101
77
231
1313
172
702
916
335
43
713
10001
332
291
147
497
104
376
20
96
357
54
390
10001
600
28
910
891
64
277
273
1207
120
1334
1227
1415
206
628
738
244
249
2196
31
304
10001
1087
330
10001
380
645
515
176
146
1238
729
386
10001
376
10001
670
87
829
66
370
27
81
253
291
1473
308
114
489
50
467
10001
10001
202
515
693
521
704
1024
484
565
135
296
492
256
536
194
634
84
420
318
264
194
256
161
10001
10001
2150
10001
272
447
320
823
692
628
10001
156
50
265
1084
508
130
40
814
139
80
728
2755
1890
1048
312
108
254
37
901
136
214
971
10001
646
273
390
967
10001
280
10001
10001
318
260
140
10001
604
37
42
10001
30
758
291
1488
62
611
26
656
692
10001
73
104
104
268
671
671
60
580
94
472
214
55
439
319
2813
10001
732
614
238
580
616
93
143
538
820
662
51
10001
374
54
121
244
10001
120
630
354
346
269
890
126
958
284
229
10001
115
362
196
1609
405
1083
259
800
675
10001
266
902
410
976
65
55
572
545
10001
524
10001
70
629
307
168
224
1184
78
1518
300
320
704
23
168
169
10001
687
558
300
1739
312
10001
397
1382
1201
788
205
198
1483
410
1186
10001
102
458
2417
695
814
234
524
177
66
480
150
370
256
732
568
3064
234
174
319
828
10001
2600
41
397
1848
10001
714
43
774
924
87
332
350
139
402
20
355
762
862
99
296
1669
10001
460
28
439
10001
394
10001
134
740
186
741
204
672
998
512
1127
206
861
565
195
79
144
977
10001
525
239
825
367
357
854
820
1118
1131
166
1166
830
428
882
27
10001
790
1092
580
232
38
120
270
569
139
124
10001
396
436
137
10001
10001
818
164
1489
120
281
967
10001
480
1441
116
10001
526
492
605
774
38
2278
236
115
10001
265
923
164
506
1988
185
308
254
310
10001
584
109
380
96
161
1082
10001
24
1117
980
43
412
1298
70
1246
131
1013
144
674
1504
10001
62
209
260
385
48
207
217
1694
89
359
938
497
1483
1349
81
390
692
266
165
190
905
10001
1289
420
198
264
292
10001
486
2376
107
391
1354
160
310
110
89
995
10001
46
200
276
771
10001
377
771
60
313
52
589
169
1078
286
318
214
10001
34
374
507
15
245
238
348
610
10001
263
554
388
236
38
612
10001
196
828
121
338
594
51
600
710
256
203
370
853
354
160
61
294
10001
84
10001
1110
462
339
253
1208
10001
237
656
10001
1585
1186
615
118
2992
10001
232
50
98
10001
1052
834
524
377
1406
1053
275
463
443
786
91
857
796
946
10001
213
989
191
266
619
244
1662
89
402
152
63
56
431
1131
10001
100
438
207
10001
84
10001
10001
145
30
114
76
1034
236
488
109
200
168
689
369
488
2184
908
443
37
124
1831
97
356
638
215
10001
726
565
590
961
377
100
74
858
462
608
1163
992
60
10001
937
59
433
324
887
970
10001
1886
112
288
1334
890
725
1434
818
454
264
10001
451
475
319
303
832
886
221
553
493
149
10001
114
194
296
110
1516
104
909
10001
124
654
372
60
10001
592
490
1315
90
360
10001
10001
354
684
104
400
817
202
839
1102
1116
358
102
526
137
1426
284
2208
634
31
280
1170
10001
682
40
45
669
1675
703
392
328
164
1253
458
10001
314
10001
861
142
646
10001
10001
347
319
250
170
137
206
605
466
180
50
282
601
345
172
360
251
288
846
1147
1227
657
174
567
2066
130
905
10001
583
206
254
177
202
17
10001
1193
54
86
512
1729
10001
574
514
458
460
345
1628
10001
323
622
290
189
225
666
364
177
10001
35
432
821
178
63
113
420
46
568
326
271
259
288
397
10001
466
325
21
857
1399
209
164
92
59
927
645
324
280
312
539
301
478
1075
10001
314
527
2036
324
53
542
855
47
390
488
670
116
707
507
271
288
1098
164
152
728
10001
330
50
866
265
269
414
477
484
912
10001
28
10001
1468
402
116
130
211
503
102
83
99
440
192
321
10001
189
64
59
110
488
150
96
535
110
918
290
66
1660
168
574
636
276
512
69
224
64
276
59
42
248
150
45
364
10001
329
163
923
479
699
186
10001
20
140
588
444
549
324
501
110
236
10001
302
1275
390
511
10001
663
88
246
528
38
392
1410
10001
602
99
929
47
812
1248
544
52
1838
1133
188
10001
584
292
10001
933
258
331
310
168
895
10001
430
596
729
10001
267
1069
208
116
74
500
332
56
113
124
782
782
2742
653
98
478
716
2375
1692
306
205
10001
269
1194
54
702
2956
124
342
709
369
190
125
530
2792
418
409
469
74
26
10001
754
669
111
1270
262
62
134
206
157
909
316
210
594
154
438
122
20
160
390
1754
114
358
672
580
334
596
93
1530
546
762
84
147
646
504
244
148
263
62
935
809
661
366
431
211
610
1934
582
167
311
516
907
10001
1514
526
303
296
471
702
39
44
1506
1100
487
256
686
2001
372
134
10001
173
2972
204
283
26
44
86
496
831
345
921
669
216
758
10001
434
104
698
496
683
654
275
39
512
712
120
220
94
10001
397
338
10001
891
403
10001
368
312
74
450
98
476
633
412
339
920
1124
10001
10001
342
281
10001
684
753
405
155
1137
980
762
472
10001
265
160
1368
200
229
10001
10001
991
712
716
257
601
1408
158
246
10001
446
10001
816
1000
889
114
1033
216
106
10001
134
568
10001
111
10001
10001
1549
93
218
76
170
103
176
598
2071
48
620
10001
66
261
804
1243
62
820
70
662
400
166
476
10001
61
1188
357
222
104
1272
234
1159
111
915
10001
265
391
542
566
218
164
126
397
432
663
120
253
2250
507
252
231
614
126
1782
357
130
109
280
302
422
174
31
1803
89
84
543
453
10001
632
676
154
73
479
112
42
10001
220
53
600
366
392
358
910
671
10001
1114
1224
762
1088
214
322
93
1132
815
117
106
219
74
130
278
135
170
137
2148
60
45
545
442
122
760
146
336
566
66
573
348
160
1343
369
64
395
784
166
10001
602
183
197
776
426
768
220
524
40
72
593
1927
583
176
338
1821
533
1055
872
141
539
86
415
186
294
236
224
942
101
1030
2194
550
252
730
453
799
1282
448
746
98
1650
388
1718
243
425
145
134
226
284
42
644
941
637
262
161
940
10001
920
515
10001
404
10001
10001
1739
178
10001
72
1370
223
543
10001
558
265
534
871
574
63
917
899
430
138
282
759
160
286
477
10001
332
10001
852
145
370
191
1815
951
122
1759
329
10001
10001
10001
78
90
152
2362
54
288
10001
10001
131
190
248
1003
606
1020
674
285
10001
821
266
149
451
102
88
78
72
181
732
94
1049
10001
375
268
1170
1806
366
263
113
10001
620
954
168
154
10001
844
467
649
53
910
698
2500
10001
121
188
1106
54
152
10001
842
1158
264
266
318
67
64
450
10001
164
171
323
234
340
10001
10001
1422
10001
92
135
517
354
217
1263
310
10001
1090
228
50
10001
10001
158
260
774
10001
227
886
234
165
598
1964
10001
416
936
630
10001
196
44
1444
310
320
2018
1180
125
78
848
655
409
85
1228
1282
228
717
685
169
634
1073
1178
50
1698
333
1420
260
79
10001
896
197
526
36
2103
707
10001
294
770
916
201
616
504
574
516
234
1041
1186
148
272
284
323
44
904
274
467
165
152
1712
76
79
48
1016
103
333
407
357
264
162
212
1244
286
482
276
488
466
365
338
164
641
421
335
3651
828
384
426
608
601
555
430
10001
342
492
254
41
569
278
235
186
265
204
142
819
1012
10001
323
503
1328
108
317
106
1088
535
550
527
198
371
900
286
739
50
244
471
782
482
1273
3484
250
1204
1394
112
10001
100
374
696
10001
635
10001
1172
186
682
372
10001
556
56
10001
663
68
10001
199
119
190
1726
247
415
346
758
811
79
560
62
1544
10001
517
232
10001
167
188
198
152
1146
261
586
242
900
236
558
852
603
927
1233
518
10001
208
617
290
122
421
560
112
292
243
88
163
1359
98
789
965
1447
91
81
222
10001
262
66
172
150
683
1074
521
510
228
82
589
169
120
521
132
65
990
144
363
82
1138
76
351
67
303
292
2425
195
901
269
754
10001
345
689
10001
270
178
217
416
441
226
10001
204
77
10001
375
51
52
532
25
48
396
311
237
110
164
352
201
124
534
2315
226
1088
452
91
10001
57
921
212
200
135
378
284
42
482
1018
899
262
712
2117
767
610
10001
410
36
124
479
10001
1520
305
1502
699
663
263
499
194
167
966
619
205
58
220
959
10001
1140
739
412
124
500
1158
837
160
1158
10001
238
289
351
546
294
10001
594
338
48
10001
804
297
10001
10001
110
132
91
1508
1118
235
145
1325
234
10001
1044
324
270
2159
814
252
264
510
10001
170
22
209
114
1780
105
80
241
394
265
10001
824
262
362
680
906
996
948
10001
10001
1048
58
505
230
201
10001
861
634
203
288
350
1024
550
706
480
804
10001
10001
654
28
990
332
10001
384
135
1269
771
1029
10001
167
308
293
1392
157
165
1108
10001
1592
928
146
156
204
10001
231
221
1380
78
2092
10001
28
660
662
189
158
120
762
617
10001
1283
531
10001
589
248
10001
745
10001
168
10001
757
10001
94
10001
808
503
1013
557
1238
36
534
164
203
246
486
327
509
106
164
531
282
212
2152
1933
550
920
297
810
496
1476
10001
839
117
2278
308
168
195
438
299
337
430
457
328
151
1315
302
134
274
10001
478
675
64
833
946
88
22
626
141
224
10001
391
52
46
97
380
265
364
824
691
370
700
476
268
678
460
10001
10001
963
196
631
162
10001
290
10001
268
206
1761
330
10001
230
277
153
768
261
244
120
78
295
209
72
57
26
278
107
42
826
768
98
346
687
165
284
57
2377
814
234
874
89
600
566
208
463
214
1264
76
57
327
786
222
43
44
486
61
1706
10001
1033
578
187
10001
220
76
924
71
230
609
535
253
512
241
1063
87
242
10001
266
1453
353
20
774
10001
77
67
170
488
60
738
156
878
533
691
310
549
406
316
292
148
622
796
570
593
83
618
268
304
78
230
109
561
140
130
10001
419
296
1480
674
10001
10001
547
685
222
903
397
362
120
1030
200
276
804
10001
1108
42
10001
650
938
506
524
74
130
259
386
280
10001
632
488
10001
770
684
540
364
634
10001
959
544
586
877
1133
2170
506
529
50
294
925
667
2517
666
202
226
63
1006
412
1153
74
210
396
591
10001
21
174
274
260
481
416
186
178
432
46
230
887
454
10001
199
746
10001
376
616
70
671
558
659
533
91
244
310
270
10001
84
918
325
531
976
171
95
202
1318
138
80
376
343
200
50
10001
10001
893
887
374
1524
624
76
1454
763
1747
966
327
492
10001
250
10001
534
70
726
240
225
389
155
704
569
202
434
220
1003
182
490
72
209
200
1767
99
10001
476
546
10001
358
40
382
73
567
660
10001
368
74
54
320
472
10001
205
44
334
1724
213
306
824
957
504
1121
1123
630
214
797
594
81
1831
619
10001
471
124
183
254
686
579
106
88
1238
10001
696
1342
100
1294
1395
199
10001
304
271
309
10001
88
235
176
57
550
1312
233
1026
221
10001
1893
494
300
541
286
332
160
325
439
108
1315
718
10001
1009
793
113
10001
62
1005
1304
688
98
81
406
171
10001
10001
105
82
132
10001
648
448
406
10001
219
777
717
1170
714
88
10001
183
365
292
56
99
284
39
190
188
1236
881
187
878
255
659
789
280
66
1346
89
398
10001
10001
237
69
87
10001
10001
364
622
10001
491
826
388
851
10001
595
462
624
1855
10001
424
10001
1036
1018
10001
3053
338
781
1649
10001
937
452
76
627
659
214
307
10001
71
366
257
157
561
1092
763
86
591
254
236
1043
1348
795
664
10001
33
93
10001
550
578
116
3008
524
1823
768
938
379
217
10001
10001
382
369
10001
751
248
284
74
1738
354
422
256
933
102
281
117
1740
139
78
722
356
680
1105
852
604
607
80
10001
456
515
416
1284
797
430
564
479
108
1024
631
646
10001
410
430
896
513
10001
1096
468
649
295
200
720
1082
257
1498
759
615
687
158
318
759
211
292
128
319
329
618
52
816
10001
382
66
472
664
377
235
404
10001
28
900
10001
10001
10001
79
138
314
68
1027
67
1328
1205
48
530
217
142
422
267
308
358
270
959
505
1611
559
420
210
694
10001
86
10001
104
335
583
683
10001
299
479
266
651
22
10001
10001
1574
346
380
236
162
10001
520
162
260
177
10001
145
250
160
882
164
106
382
618
806
221
10001
61
189
520
114
10001
860
10001
205
302
589
521
1266
693
790
104
141
421
346
885
72
940
10001
673
392
455
406
10001
702
893
610
10001
50
10
124
100
188
1045
10001
18
207
237
946
146
314
280
413
210
129
10001
193
110
220
206
448
95
739
148
10001
1506
496
739
317
218
367
2621
270
701
1730
198
204
886
132
10001
10001
1554
158
164
1194
524
152
76
229
72
44
837
10001
50
1206
174
637
190
31
10001
755
258
1158
366
125
380
756
10001
303
183
860
999
287
1718
61
606
438
321
723
585
1319
1735
10001
243
189
10001
560
645
1349
10001
377
10001
246
1580
36
222
1068
506
529
343
64
98
121
521
578
540
1449
62
408
292
80
1455
403
186
78
10001
1357
1677
10001
335
228
204
211
722
10001
165
712
463
807
96
1142
641
299
10001
264
820
269
175
408
350
267
649
10001
70
419
356
210
412
240
40
311
666
10001
113
856
489
78
2824
10001
51
151
10001
162
150
54
10001
86
284
146
550
1548
1385
454
131
696
575
467
715
492
10001
943
121
195
53
10001
825
158
188
416
314
10001
317
450
1087
600
409
135
941
488
250
592
82
39
97
10001
640
2495
863
1487
511
204
1039
197
1232
322
502
40
142
532
1278
114
10001
103
475
194
255
402
265
329
34
715
2418
10001
679
239
42
577
180
256
420
308
149
781
28
132
1073
10001
1060
94
564
133
112
963
125
10001
555
582
629
10001
251
430
712
10001
10001
1685
10001
1023
599
156
167
178
1210
87
234
781
406
482
404
438
339
528
125
10001
418
412
102
211
82
150
289
308
740
2028
10001
144
10001
190
204
403
202
469
442
143
466
841
350
10001
135
385
295
566
501
328
218
865
176
1896
363
297
819
179
260
342
586
51
246
47
619
118
171
815
580
10001
2094
1248
678
707
105
444
1152
352
46
906
10001
746
1033
214
10001
455
50
259
1364
10001
66
10001
361
168
213
1000
70
486
198
376
703
831
667
2136
362
10001
162
204
256
1985
418
727
411
48
457
224
654
161
1650
117
720
38
170
112
468
365
340
10001
724
230
186
248
308
95
70
128
421
188
10001
939
613
421
725
297
463
10001
353
276
73
248
649
178
134
253
550
10001
1398
185
1275
610
792
10001
1185
395
1048
622
373
430
328
572
25
295
129
1211
969
334
1462
564
916
10001
914
102
62
10001
275
550
486
515
10001
99
56
2578
176
325
774
1843
293
53
859
744
1088
872
1753
1846
194
285
666
845
10001
52
84
741
994
597
80
1002
769
306
224
727
100
10001
349
983
198
1012
291
10001
446
10001
37
751
236
282
606
795
829
852
263
277
404
1030
198
368
1388
439
179
518
704
1067
371
10001
360
1695
202
362
1288
414
144
656
37
108
722
576
481
616
130
69
10001
214
1002
461
313
214
172
79
566
266
550
10001
564
952
77
323
274
10001
530
299
74
612
284
48
299
294
412
321
182
10001
127
319
10001
434
320
10001
50
124
1462
59
227
1118
934
288
50
10001
228
149
10001
10001
544
314
885
1500
932
398
40
582
158
170
2467
252
1324
751
192
184
911
10001
700
228
10001
150
162
217
10001
93
268
278
122
10001
252
476
112
10001
10001
105
10001
45
1548
108
110
35
2044
10001
10001
102
54
239
920
427
780
10001
10001
30
10001
174
1177
140
639
2049
585
459
73
1060
73
228
471
899
66
317
475
958
92
560
324
214
578
424
294
426
1377
962
217
10001
268
234
722
550
96
420
424
10001
701
287
1093
270
429
414
42
1581
572
66
10001
87
1318
1056
1113
943
846
736
160
118
762
1125
176
364
10001
73
256
477
10001
503
56
80
10001
118
336
10001
334
1426
206
295
862
116
507
42
10001
973
1681
659
560
1881
806
827
508
110
10001
10001
234
2050
803
335
927
10001
1375
265
1365
10001
1454
2170
10001
304
439
138
374
357
57
174
455
118
254
33
152
179
1351
204
117
202
432
141
858
10001
199
211
76
914
394
157
150
926
533
863
97
783
218
448
10001
137
1139
1103
1218
195
254
198
170
184
80
129
1226
170
297
808
322
38
729
1061
360
843
991
220
547
596
130
683
99
92
420
144
618
332
221
724
1045
587
818
10001
587
391
253
540
722
10001
10001
578
402
1319
174
184
1421
52
1175
174
215
502
525
682
212
326
1678
318
439
10001
443
410
321
10001
362
424
417
302
96
334
132
10001
796
409
574
459
42
2430
285
626
174
722
247
1090
10001
48
312
1025
640
10001
665
393
339
168
157
422
1124
619
988
430
380
10001
1156
1141
651
125
915
306
1329
1131
444
1157
2044
339
391
10001
173
949
352
153
549
526
10001
142
472
308
430
378
10001
496
97
10001
736
346
77
797
690
129
292
245
190
386
584
966
1588
156
202
898
123
804
1210
236
1851
10001
943
598
309
78
1920
588
269
356
940
142
1058
443
651
152
683
202
34
223
244
76
301
10001
200
284
1752
454
500
1770
1086
190
10001
205
422
115
1154
594
272
34
10001
399
68
135
31
169
10001
1151
1086
1002
644
882
108
158
235
666
10001
936
459
225
844
612
371
1233
519
152
176
746
1045
648
714
189
244
244
98
242
816
755
622
193
241
317
2998
530
10001
280
1040
884
10001
1021
206
639
154
10001
139
276
1002
295
10001
427
504
10001
10001
621
1900
216
462
877
277
432
155
1204
638
409
151
10001
661
301
834
390
93
1066
10001
623
748
10001
252
73
358
165
1991
868
210
575
208
1050
196
269
489
72
344
1152
303
156
448
128
128
590
42
1551
111
10001
248
10001
167
34
924
92
1306
194
566
440
556
704
72
406
382
2716
401
191
1404
702
135
510
723
10001
377
10001
10001
1133
285
707
10001
65
112
472
116
257
548
524
92
200
550
775
570
415
227
432
1027
572
399
256
253
10001
10001
287
93
1143
50
989
867
10001
589
10001
10001
205
782
565
372
80
336
516
106
155
440
395
596
217
204
157
82
419
666
762
204
450
10001
440
1292
1022
157
96
130
767
1448
277
287
214
714
10001
506
1072
24
857
10001
724
212
1122
1248
163
282
135
190
336
587
568
1080
568
428
429
76
1667
10001
814
426
244
35
10001
62
1354
34
102
10001
178
10001
351
880
285
944
120
238
571
102
28
356
500
1472
212
86
872
436
1906
520
36
83
160
298
292
89
605
929
207
1434
1823
172
216
236
474
270
446
575
552
10001
180
556
10001
36
172
77
190
401
1224
393
730
10001
551
1012
398
1266
186
569
1700
166
474
398
1769
139
567
1040
10001
220
782
601
202
866
750
733
841
1655
41
1759
10001
1871
114
341
571
143
49
1324
816
154
578
1834
174
10001
653
255
10001
938
488
732
498
383
1336
575
10001
10001
69
1159
493
10001
716
10001
232
144
1262
148
194
799
211
380
645
1342
369
1130
982
182
142
114
528
348
85
968
557
292
571
90
531
52
393
370
697
60
1452
10001
1317
946
204
1194
10001
400
230
120
95
266
126
521
236
45
737
1478
53
142
260
1339
101
106
1098
1001
166
257
10001
883
630
993
1127
201
132
564
700
660
10001
254
222
240
1625
184
206
1143
369
590
2273
620
10001
112
299
10001
424
383
688
26
115
1404
124
104
284
10001
1200
617
552
603
1701
10001
738
751
10001
590
824
49
421
1986
39
1208
390
276
522
1017
10001
1016
10001
602
1435
698
10001
1136
108
632
183
351
10001
80
482
461
151
322
117
288
652
772
108
45
10001
10001
10001
65
191
180
10001
540
631
341
203
657
786
426
491
673
368
42
120
136
408
523
52
316
820
286
497
461
419
856
10001
10001
19
538
176
251
10001
1006
274
86
153
210
78
10001
1188
885
994
587
521
418
935
376
1708
771
575
1188
106
10001
704
186
379
26
1978
378
626
707
450
387
210
10001
420
584
110
861
394
343
636
788
10001
115
841
10001
568
493
906
911
461
892
10001
405
528
10001
542
791
10001
202
322
490
323
361
581
768
491
10001
382
1469
2082
34
1573
166
252
10001
1503
901
250
1961
851
10001
858
260
122
78
300
983
912
317
206
69
595
352
135
352
280
420
89
548
240
825
514
485
672
221
10001
1727
767
448
281
220
2241
373
1170
747
1240
269
779
769
357
10001
185
221
340
613
183
348
1390
136
637
1346
112
153
93
210
712
169
262
10001
277
271
81
10001
270
201
206
500
1257
638
1430
10001
668
28
752
417
502
207
494
244
727
154
310
35
51
354
10001
326
174
302
220
1346
162
1565
657
652
726
1273
821
651
568
10001
10001
638
119
10001
165
599
883
218
54
558
1102
575
414
99
10001
728
110
160
1174
52
314
509
1062
62
1627
24
128
1193
425
419
670
246
356
376
868
176
1813
10001
2046
63
236
1187
682
331
520
634
918
520
10001
563
338
233
125
260
366
10001
138
136
115
215
482
632
643
10001
10001
231
46
10001
70
163
205
1644
276
218
199
230
60
359
1274
264
312
1409
10001
1621
10001
224
264
116
10001
492
10001
10001
519
688
525
10001
465
676
10001
173
567
552
260
1929
156
1155
218
487
1523
86
261
128
10001
116
967
587
389
399
50
293
545
201
471
60
404
163
183
1100
330
74
10001
156
146
587
55
322
377
1683
941
311
10001
462
584
525
227
10001
98
410
10001
354
144
62
10001
607
681
10001
1130
445
217
10001
399
10001
94
446
1290
385
797
118
1724
10001
1111
139
821
308
897
562
181
10001
1044
104
322
814
425
404
749
56
353
2050
1356
856
10001
10001
191
212
258
1315
946
530
10001
322
74
194
121
237
516
794
1398
749
763
478
83
390
399
10001
209
396
1578
743
111
279
1498
127
198
1561
10001
224
294
10001
216
530
247
415
552
2125
498
389
26
188
524
362
112
229
181
217
166
937
405
191
112
75
502
112
2351
407
10001
2445
208
233
240
249
10001
559
774
243
384
261
246
84
10001
150
505
10001
170
779
38
256
10001
122
542
10001
363
362
110
31
84
359
126
120
202
416
998
10001
856
10001
761
1240
180
1036
747
1255
10001
167
41
55
57
753
532
1450
166
454
488
149
683
612
514
589
1555
776
878
140
1070
94
380
750
1133
46
10001
504
297
33
697
153
860
226
309
420
813
102
10001
10001
1807
501
1128
497
680
380
637
326
10001
10001
1661
1006
594
153
921
10001
287
163
82
520
10001
152
68
407
828
408
75
192
575
1039
250
684
10001
522
10001
2434
233
682
753
132
10001
10001
83
744
316
239
1664
681
202
606
709
889
851
366
2264
10001
79
583
771
586
165
394
1092
10001
10001
509
717
1922
568
911
152
10001
10001
202
221
643
516
212
120
18
74
101
177
1260
1366
10001
766
10001
312
864
328
114
166
488
162
73
77
1546
10001
368
400
491
444
622
50
90
349
268
387
366
62
146
1097
533
81
1907
682
565
390
62
155
286
484
764
576
577
415
1201
266
1226
202
551
357
492
44
2341
1093
322
405
81
63
689
548
58
34
10001
171
193
107
515
156
520
10001
350
1292
392
298
440
458
372
10001
256
10001
793
191
944
267
88
604
123
561
280
397
403
112
707
160
185
268
381
205
753
75
128
1097
47
1278
166
1091
512
276
563
588
697
98
581
118
10001
1618
486
1565
666
185
236
581
638
825
10001
92
520
197
492
307
157
255
190
230
80
108
137
512
504
10001
42
573
385
117
94
58
684
10001
582
10001
1131
252
96
339
292
330
849
1312
517
971
280
312
670
116
46
370
834
151
714
394
888
790
143
10001
621
310
506
275
225
10001
920
743
722
702
119
2444
328
220
333
216
916
10001
136
168
712
1153
1470
356
58
868
408
27
744
10001
1040
954
1095
308
740
620
179
1557
128
1021
45
10001
1182
896
393
239
111
1169
1904
87
283
234
122
10001
190
80
10001
346
302
66
520
1157
198
2030
1606
562
1483
36
10001
1456
166
746
51
877
366
521
10001
1786
616
130
1742
1093
321
10001
147
69
82
336
497
56
485
150
280
52
140
1220
145
474
692
822
554
10001
858
118
585
436
474
419
811
471
92
1982
10001
10001
190
10001
267
397
764
1798
3045
496
616
170
544
80
283
516
1579
154
594
402
103
58
532
70
274
1336
300
150
136
1034
10001
10001
587
171
197
1683
661
409
47
75
1338
355
780
441
379
410
42
383
47
212
620
1612
309
10001
299
184
782
10001
138
729
308
1501
1812
719
253
2270
46
85
296
394
144
160
122
1107
336
374
472
307
564
10001
193
738
281
1194
913
415
10001
608
10001
920
1174
759
86
10001
1088
309
960
77
1078
56
798
65
653
2138
10001
729
1194
286
304
30
1235
85
1228
1304
10001
141
192
514
358
585
99
10001
432
500
361
10001
733
896
362
110
127
226
632
678
1196
56
29
1101
10001
64
140
520
10001
362
394
100
723
196
94
546
140
973
223
315
35
527
202
67
955
252
2850
10001
606
628
1465
298
104
1338
543
512
58
905
127
36
86
10001
289
193
266
2246
348
1066
500
229
10001
166
10001
612
123
214
10001
565
1462
101
1254
68
102
446
622
638
206
123
236
328
95
584
10001
10001
322
321
1908
10001
209
52
2433
875
58
542
802
457
422
773
10001
412
1327
268
178
188
1337
1067
358
136
121
264
278
10001
10001
211
500
309
838
2035
179
304
52
889
134
45
153
157
104
1439
130
218
666
1161
962
286
10001
10001
169
817
19
135
358
829
10001
499
494
32
274
63
112
1057
1172
144
338
1720
1511
344
1134
1967
10001
894
299
26
848
1160
195
58
2137
250
310
76
106
88
717
256
84
117
60
10001
932
382
1060
96
897
33
714
1297
922
476
794
356
10001
268
925
1137
532
10001
236
585
1573
388
10001
174
10001
1094
140
395
2170
220
370
191
92
452
432
217
574
524
152
254
10001
755
27
408
522
2814
735
500
152
877
612
174
526
861
10001
909
662
10001
10001
160
404
608
1256
915
527
10001
271
42
551
382
478
774
1279
154
52
479
76
695
85
139
534
479
158
342
462
53
10001
695
1036
378
1749
391
674
314
10001
908
233
1536
65
1779
1039
720
1618
572
320
796
919
393
931
122
10001
10001
301
367
35
209
557
527
285
1378
437
1455
1234
646
144
10001
368
701
205
290
645
183
996
900
903
2133
63
1349
86
160
156
206
290
272
10001
606
98
746
44
860
487
506
344
362
104
389
140
261
175
98
144
209
359
604
1980
498
420
10001
769
229
133
362
507
1210
780
10001
1628
260
470
446
737
152
582
484
428
785
1327
2923
977
955
425
77
275
234
133
350
269
394
1037
1131
360
838
230
284
217
990
1198
1113
36
183
261
371
1162
348
66
469
130
677
270
579
210
1062
736
98
427
230
429
10001
762
1506
1483
170
279
937
1056
86
536
10001
82
847
10001
414
452
517
288
10001
608
678
10001
10001
1867
393
224
166
282
335
311
290
505
46
103
206
317
256
507
761
304
131
10001
567
713
322
170
25
573
221
162
438
1014
54
632
786
85
748
1315
445
437
87
77
228
484
90
439
366
920
436
1243
2138
1649
610
1512
422
479
394
124
562
1010
839
150
383
1829
951
94
93
10001
10001
475
10001
10001
10001
48
87
88
660
10001
806
1317
777
128
70
148
414
628
1382
10001
323
151
1439
66
180
236
415
84
144
635
991
279
331
10001
438
715
468
366
1507
170
766
1239
1657
430
1013
222
797
163
215
358
520
1147
907
1102
672
339
138
235
725
724
903
178
889
10001
36
655
57
620
1581
160
284
116
10001
343
2003
216
420
124
10001
665
644
437
601
1026
10001
10001
309
605
1074
10001
1326
167
728
138
263
361
714
460
157
1138
343
279
577
1013
264
168
624
210
82
188
899
115
314
104
10001
1112
686
295
862
158
1005
2224
10001
663
445
10001
668
57
142
774
170
1699
1129
177
36
540
795
760
232
10001
1359
270
380
112
583
120
458
389
10001
69
115
10001
1450
10001
10001
1049
520
912
262
52
299
440
337
472
364
874
582
1462
766
1428
130
1204
112
10001
183
1536
922
456
1256
186
278
110
450
212
484
527
314
10001
124
146
473
68
753
10001
174
430
1466
325
780
298
1136
1706
257
440
169
732
10001
1270
875
235
698
525
10001
801
843
110
38
90
378
672
80
97
1637
860
686
776
10001
382
722
1294
522
1080
404
154
523
425
441
10001
688
10001
418
10001
1420
407
3162
732
330
1269
737
470
10001
10001
90
710
85
357
10001
208
314
158
470
219
174
1409
10001
1475
179
217
406
10001
1177
572
1043
620
136
482
1070
154
625
10001
1220
214
282
124
626
127
166
309
736
549
372
224
355
721
1704
838
606
599
165
1747
45
108
1371
10001
240
1159
10001
221
111
768
522
733
2522
146
432
10001
812
62
318
848
10001
10001
140
209
366
541
924
10001
10001
335
988
1272
43
296
594
310
10001
744
121
126
608
782
399
10001
332
65
272
50
619
805
1103
609
82
570
541
424
1092
10001
168
364
153
1128
429
682
493
224
814
80
10001
155
10001
840
1432
10001
72
760
1396
94
10001
1198
325
725
336
907
124
10001
193
827
141
782
42
910
326
651
718
244
832
911
10001
911
177
112
948
759
232
106
10001
10001
281
1472
1850
628
10001
206
101
1114
1645
764
250
10001
152
180
108
1720
784
2135
160
79
68
1205
10001
231
1361
380
370
796
1737
897
10001
244
874
513
541
216
170
967
689
129
642
934
108
979
319
1581
10001
98
10001
89
1114
819
935
189
166
270
123
146
177
267
676
202
105
168
360
766
301
138
501
116
379
91
10001
10001
379
182
702
196
502
218
118
279
10001
138
24
215
548
1812
1002
10001
240
1539
248
340
86
10001
1016
180
10001
10001
457
346
314
130
10001
197
115
271
1646
31
482
384
1464
296
106
896
10001
395
10001
10001
10001
486
94
206
86
1331
10001
2267
773
408
1959
109
300
580
250
2228
474
584
10001
10001
10001
340
1413
37
10001
575
514
103
454
1598
580
138
178
578
237
53
355
10001
10001
851
559
698
1352
10001
342
723
148
640
806
654
215
113
2020
441
276
119
483
965
158
170
1465
10001
221
10001
298
220
376
10001
1223
815
962
10001
462
248
135
301
316
301
480
240
1134
872
64
110
418
10001
433
1656
125
471
760
565
179
10001
472
186
98
120
80
500
1305
500
119
105
10001
862
114
207
669
982
138
1619
81
172
212
112
140
10001
10001
474
378
414
106
1724
776
1808
52
666
422
81
138
387
125
884
819
1335
629
1039
55
131
372
136
130
170
877
106
10001
801
424
10001
265
2726
178
10001
306
10001
205
670
420
982
915
10001
10001
310
835
68
111
170
761
119
10001
618
38
179
545
1174
914
10001
576
1129
859
280
970
55
411
632
164
356
554
880
85
351
197
165
292
260
272
379
962
50
1581
259
10001
877
1132
1912
495
1330
325
1415
520
10001
353
10001
33
374
10001
112
839
726
696
156
847
116
116
581
197
313
530
1126
22
120
975
10001
2221
278
892
582
82
10001
506
434
1045
304
438
3534
10001
976
62
904
319
10001
339
179
59
10001
102
42
2700
48
73
444
258
38
1110
48
382
807
1106
235
128
10001
96
474
297
191
1437
202
364
233
202
220
425
166
139
460
43
310
10001
369
10001
439
292
634
598
246
580
488
1288
1004
328
391
235
316
167
250
632
10001
1188
1454
568
622
309
53
358
268
10001
274
10001
46
334
82
10001
303
258
10001
196
1182
553
10001
245
59
10001
10001
944
875
140
701
286
10001
1098
354
124
474
93
831
911
158
222
551
440
518
290
77
2332
364
3328
10001
80
541
458
528
379
819
343
10001
301
86
416
208
111
195
448
275
97
480
476
1390
219
340
95
220
759
10001
512
2162
1044
10001
709
56
580
272
10001
574
10001
82
1515
348
44
167
534
10001
10001
485
503
518
340
85
1002
467
952
441
10001
811
126
493
602
485
1011
676
1091
479
1401
259
281
10001
44
744
1574
82
181
131
2430
319
710
88
119
190
479
956
1750
316
242
156
203
953
475
10001
630
38
35
122
262
168
516
10001
352
426
262
350
440
97
10001
68
151
189
30
290
178
1758
378
10001
2314
208
630
308
765
569
193
22
188
10001
758
92
1321
234
412
803
941
412
436
214
109
1384
335
497
212
58
306
122
395
474
10001
1233
391
406
613
132
1076
10001
95
76
119
10001
569
403
376
388
103
746
1560
539
727
178
796
149
484
932
37
614
321
340
438
236
212
27
1379
10001
10001
165
804
329
605
850
1117
223
221
48
290
1874
724
145
1079
153
908
912
786
1185
901
161
395
334
1648
1134
715
1111
10001
106
394
405
220
573
184
640
196
1325
159
72
198
2120
532
299
482
993
142
570
864
598
218
511
542
185
227
338
777
950
408
724
884
237
1096
921
1344
10001
217
1171
321
326
1015
157
816
1056
10001
458
34
275
935
242
649
528
1240
72
369
330
1484
79
466
986
594
120
175
592
201
237
336
390
578
10001
1008
840
266
185
171
489
205
184
10001
560
188
559
88
10001
328
830
122
1136
744
10001
235
520
565
426
270
10001
626
251
429
329
87
276
104
22
542
1430
758
606
154
254
329
340
10001
500
1789
347
220
10001
1379
243
10001
177
1661
1256
229
463
166
122
352
266
10001
256
994
160
64
274
148
597
398
116
969
1142
1463
224
742
166
695
740
433
674
549
221
1453
343
398
160
302
92
548
574
484
284
107
530
900
907
146
967
257
682
32
62
1336
890
10001
821
10001
1149
482
964
75
326
52
102
426
10001
469
929
36
935
10001
613
793
392
87
264
808
146
1942
439
2758
194
128
641
1003
396
64
152
130
271
796
148
398
892
10001
746
1232
80
69
690
886
401
167
134
822
144
938
170
67
609
338
10001
451
513
490
1086
390
386
368
579
654
316
908
52
196
10001
418
438
208
81
311
686
271
58
413
199
88
916
426
581
79
1144
448
442
856
602
194
342
564
298
386
101
10001
275
282
1045
727
410
188
660
474
539
667
496
542
302
267
314
342
411
852
1210
10001
10001
481
10001
282
107
10001
216
10001
38
596
211
46
188
934
882
193
2107
415
88
169
1114
460
838
1109
466
270
1114
134
70
1110
10001
10001
60
109
874
275
161
10001
258
692
435
40
206
260
889
407
10001
426
58
247
10001
480
953
10001
406
10001
1100
1261
2295
290
184
261
1366
1593
708
896
906
418
225
347
10001
10001
657
376
314
112
95
929
353
1406
398
73
132
108
483
120
1492
138
976
58
330
248
1086
546
654
652
234
1570
10001
293
874
10001
177
1098
432
106
204
557
298
1269
1046
631
36
158
672
380
262
2060
10001
398
640
762
807
634
102
226
1636
120
344
603
286
142
222
572
181
1184
43
259
387
228
30
718
10001
198
985
1263
10001
302
212
358
514
10001
148
521
450
420
192
10001
490
1343
2132
380
620
342
548
325
138
10001
71
235
408
749
544
83
10001
718
128
235
2669
400
376
1282
546
528
109
354
45
269
513
189
159
291
763
223
10001
1573
1280
930
10001
10001
366
322
10001
1542
427
398
838
194
340
118
388
2024
1858
351
870
148
665
729
140
203
298
256
951
285
682
55
124
706
1255
179
1064
168
1338
748
10001
984
625
159
1305
1733
68
10001
160
63
168
1329
10001
186
115
680
590
482
642
956
207
707
1634
217
791
311
371
532
657
313
10001
10001
294
882
10001
417
347
730
672
1140
405
10001
412
581
603
599
686
265
151
10001
82
60
553
452
168
988
961
190
1320
1074
10001
10001
92
624
1186
370
1042
782
838
10001
423
193
205
10001
566
1121
568
446
591
1355
58
386
74
220
72
412
420
875
1605
844
10001
612
558
1331
179
297
550
211
712
140
761
589
214
222
64
124
369
516
120
10001
86
881
10001
253
148
1143
316
1288
908
976
10001
270
452
144
833
208
10001
433
209
78
886
461
278
47
627
610
108
210
10001
1418
316
956
585
337
236
136
10001
758
1285
10001
507
410
215
621
254
10001
446
1400
1115
355
138
274
380
496
10001
943
40
178
288
506
640
228
157
726
10001
407
430
420
335
680
1357
10001
390
916
640
1474
157
60
40
479
79
60
169
1854
108
10001
307
252
493
450
148
126
483
362
307
716
90
10001
317
852
1100
345
161
515
444
110
718
272
66
76
355
1106
248
338
338
582
896
198
10001
485
51
10001
589
40
393
432
13
992
131
2284
432
62
10001
665
496
321
1098
753
139
346
373
29
128
258
867
1031
52
208
532
242
10001
177
67
235
288
141
25
1002
1288
10001
337
500
870
660
268
118
242
174
1412
681
626
393
10001
400
188
312
1313
742
453
500
768
1016
10001
34
96
657
91
545
1532
420
592
10001
10001
197
10001
645
327
55
1255
178
156
456
1404
738
3228
462
10001
96
1819
840
814
523
445
567
10001
686
387
471
347
1380
452
301
74
10001
270
1820
390
412
425
392
10001
152
489
201
544
82
1699
914
1127
506
699
10001
10001
1753
186
10001
672
56
593
224
332
349
546
360
547
356
222
685
1581
247
1057
10001
119
484
48
1732
914
232
1872
966
470
1920
174
60
10001
1650
108
305
770
1589
10001
631
490
693
349
128
260
1213
268
702
10001
434
92
10001
1164
10001
528
122
10001
457
77
10001
10001
624
1095
738
420
174
1901
56
668
146
245
188
491
941
710
895
371
231
10001
746
10001
726
2165
181
949
55
92
10001
387
76
254
1396
382
50
136
146
588
804
170
620
119
1780
855
281
204
1046
198
496
418
10001
224
618
10001
240
1548
10001
10001
131
699
130
164
384
582
406
1115
10001
10001
1148
394
52
412
664
504
10001
67
208
10001
232
1242
210
316
433
199
126
132
504
84
461
10001
136
116
433
1250
10001
10001
451
534
77
90
65
1619
729
390
1014
432
515
832
262
898
313
1374
391
1336
848
352
717
241
704
458
10001
97
10001
10001
123
1326
534
10001
280
10001
252
1032
613
323
10001
1968
1571
10001
48
10001
10001
941
10001
533
58
387
74
10001
256
620
10001
543
10001
917
193
294
396
844
337
459
570
362
1757
10001
694
408
898
220
1954
403
298
997
1050
151
503
10001
3399
35
347
540
471
468
10001
883
192
189
484
102
146
10001
1036
460
1674
688
936
502
197
968
10001
10001
719
10001
205
419
10001
282
564
96
352
286
722
260
996
130
10001
136
295
315
720
486
94
240
388
1706
1459
316
98
263
199
204
10001
180
129
491
583
242
740
694
574
136
626
210
177
708
98
72
640
158
24
243
140
194
826
446
126
429
10001
175
391
534
1041
307
1548
224
502
310
2575
527
304
10001
190
10001
128
338
126
137
300
400
26
366
283
1498
410
10001
200
1145
36
168
10001
10001
280
365
127
80
1340
910
465
646
355
1356
694
350
10001
26
235
966
624
842
464
141
578
127
10001
1031
10001
872
240
355
235
646
10001
10001
664
276
462
10001
574
790
340
255
154
2056
405
10001
285
10001
149
1176
226
192
264
287
10001
756
472
85
214
392
540
1392
1055
580
328
1430
44
192
3288
10001
752
34
179
91
251
267
10001
1114
644
915
10001
1070
198
80
50
265
290
120
271
1304
140
10001
607
1168
506
138
10001
332
535
690
556
1904
789
482
536
321
246
196
201
1336
64
194
244
65
652
144
245
1648
486
10001
264
630
276
1111
478
1434
388
262
242
1657
413
929
311
1389
754
799
126
173
228
305
612
287
1509
250
510
480
418
136
596
210
124
342
28
1015
860
948
673
1623
138
980
1430
126
443
435
71
196
101
708
510
202
68
1902
189
1697
770
551
84
313
88
86
2591
2297
10001
752
512
126
355
757
64
92
584
539
130
974
416
518
52
100
91
898
585
853
88
10001
10001
10001
722
10001
461
10001
10001
281
10001
149
149
68
208
92
544
63
60
214
529
78
482
208
457
501
838
641
295
733
205
1583
1028
515
196
538
149
10001
10001
10001
102
46
10001
452
250
989
571
1410
280
134
1246
632
1750
605
1126
38
10001
118
354
173
252
146
1165
266
306
60
164
179
500
40
500
1238
302
256
509
288
10001
117
567
534
86
1286
42
140
568
166
248
1134
566
424
256
256
382
500
533
497
10001
1610
84
3236
422
10001
395
96
384
77
226
294
10001
245
543
628
1387
1646
10001
770
734
10001
529
352
291
542
514
225
522
627
178
686
531
612
186
227
10001
656
1191
1275
96
64
2176
520
1320
140
10001
10001
10001
298
155
298
214
1500
352
10001
87
296
897
105
1388
513
3396
409
10001
930
71
1236
112
853
436
1078
10001
170
1366
216
1452
530
776
422
10001
1630
649
38
326
195
454
430
234
747
757
930
827
915
1473
330
10001
561
577
308
1132
131
718
306
708
50
918
590
82
336
362
970
362
575
151
652
218
882
10001
71
782
142
370
10001
368
856
429
75
290
99
107
10001
1474
315
945
396
737
1450
136
414
44
581
247
10001
510
128
503
969
278
432
10001
1981
539
170
303
419
102
146
230
582
10001
1437
67
1319
526
96
10001
475
393
398
536
413
845
1174
10001
742
965
10001
368
856
146
788
419
435
386
820
388
10001
209
553
316
444
642
72
596
684
39
468
156
1997
110
1100
549
56
382
1923
358
624
294
112
1268
222
1220
10001
416
476
1328
216
620
140
1286
396
722
10001
1030
474
1237
153
56
3222
88
170
581
770
628
71
515
1462
551
106
777
568
280
46
231
896
246
103
442
211
563
317
432
321
627
10001
67
410
602
757
224
502
848
576
960
10001
10001
1118
144
249
698
868
2127
36
212
2205
10001
512
1389
164
943
470
288
153
170
108
273
646
250
1100
65
160
138
10001
86
1402
856
1992
181
809
350
542
1480
112
192
1745
147
624
1023
363
885
10001
677
618
83
691
373
1328
10001
557
607
10001
1192
568
1700
378
340
1061
10001
708
143
10001
272
10001
10001
10001
1299
176
140
452
749
161
10001
424
636
954
989
153
1333
389
318
469
398
158
146
679
544
126
611
454
334
188
841
1188
187
624
2158
198
255
127
349
236
108
130
304
1649
1183
72
833
854
474
406
68
26
223
10001
1277
157
219
1125
1652
10001
227
1187
596
130
100
576
177
10001
405
334
197
825
1246
885
220
1554
174
10001
407
10001
862
398
729
10001
10001
1124
10001
166
265
955
176
564
10001
581
457
168
102
125
833
563
40
1169
107
648
333
120
65
265
358
751
99
158
171
122
140
1641
110
686
230
340
206
580
286
748
218
458
394
685
1620
1063
408
82
436
256
220
325
623
224
367
327
42
305
155
458
10001
216
537
676
196
928
1069
718
665
321
499
2034
25
198
160
128
10001
350
63
10001
10001
860
167
10001
50
780
585
260
345
476
424
780
185
311
575
587
879
368
1074
66
408
452
2077
1253
1042
905
862
763
645
404
420
649
711
333
1480
85
10001
612
224
10001
266
205
362
372
460
1327
1203
26
163
98
1002
44
147
852
778
1921
75
339
217
217
106
1035
10001
10001
109
10001
1318
425
919
1726
600
454
170
10001
24
469
46
504
465
589
958
72
668
696
634
575
10001
597
70
339
233
468
320
204
253
2091
10001
136
222
294
1556
201
76
546
1505
162
2516
120
62
1363
934
1374
132
136
232
178
478
53
409
132
10001
351
870
430
97
224
140
1186
382
610
287
10001
133
1463
584
135
132
201
440
1934
724
868
542
542
416
332
486
965
1166
343
1261
882
1038
237
200
163
639
108
560
119
10001
296
852
142
50
182
326
242
550
165
10001
978
247
896
10001
552
820
139
10001
484
100
662
80
563
491
518
111
268
524
462
646
116
694
313
55
258
272
1166
10001
154
504
332
158
870
127
1126
525
566
1200
49
486
354
740
216
710
973
281
314
1238
392
370
399
60
411
10001
239
974
400
943
254
328
201
10001
1372
630
120
101
2025
98
122
536
1385
1437
586
246
209
719
815
1486
260
340
10001
198
412
538
10001
145
217
30
2165
250
248
142
10001
322
112
440
803
312
87
450
103
872
3616
165
10001
168
1165
174
485
146
77
312
10001
148
860
206
674
872
431
162
214
203
361
448
28
582
216
526
1072
100
753
10001
117
296
562
10001
263
394
938
2740
144
1320
10001
127
311
409
140
62
289
742
66
314
36
46
408
87
541
1501
10001
203
776
46
482
10001
1017
668
26
81
10001
317
413
418
332
508
609
96
971
420
262
128
154
52
358
164
1016
788
407
812
10001
697
172
158
89
745
528
1272
1214
812
425
18
927
994
912
256
48
733
1405
629
54
95
311
10001
544
10001
684
10001
24
144
532
10001
315
130
138
788
959
692
426
517
781
1697
157
424
486
10001
153
160
120
10001
241
110
198
10001
272
788
346
242
557
1794
687
849
10001
300
346
938
919
606
257
148
746
604
380
1229
10001
728
443
260
465
63
704
658
256
378
158
44
138
534
1293
427
588
138
1722
584
117
226
1640
214
124
10001
886
1308
310
1379
172
639
559
460
326
387
624
123
196
118
212
796
404
127
109
296
242
335
10001
601
10001
268
1532
238
245
144
1360
1185
786
1626
2558
3256
294
506
312
10001
910
1022
953
1072
10001
418
940
456
215
342
189
259
10001
667
89
232
1591
256
500
242
118
10001
1168
55
640
190
452
1475
468
306
799
539
339
635
859
242
418
1857
88
460
131
403
653
497
662
466
551
272
10001
486
502
496
1419
84
712
71
674
425
1274
194
1586
929
898
1680
139
637
71
98
379
235
10001
88
660
184
216
330
337
196
192
245
127
167
238
294
184
1318
570
60
142
286
139
102
29
10001
110
190
403
348
439
10001
126
781
553
172
10001
68
1678
636
10001
47
573
10001
57
104
48
210
246
112
938
996
459
10001
152
273
574
44
10001
749
438
674
115
709
308
10001
96
90
207
926
1648
161
1846
10001
651
114
725
1110
310
354
10001
10001
1322
1523
482
2006
794
769
437
513
384
100
162
473
180
794
188
220
10001
651
347
192
1140
814
411
777
400
161
506
2416
44
504
799
77
10001
290
358
1317
1174
919
338
730
443
475
547
1210
184
524
247
427
220
